94104773
94107918
94124629
94131748
94153166
94156876
94158805
94161419
94164863
94167826
94182891
94187305
94197795
94202902
94216246
94218534
94220417
94224203
94227264
94229423
94232497
94252669
94281860
94292009
94296197
94297729
94299616
94307034
94311114
94316324
94325361
94325470
94337545
94353910
94361632
94368865
94371457
94372457
94389977
94392203
94401663
94408860
94412336
94414701
94417185
94419219
94423655
94437928
94452560
94460942
94471700
94482610
94483441
94491866
94497641
94507950
94509849
94511588
94514514
94521452
94523856
94527456
94529996
94531123
94540982
94542191
94545001
94557160
94559973
94563623
94564296
94591695
94598093
94620583
94632033
94641726
94649103
94649367
94653192
94655303
94658429
94658755
94663995
94666633
94669251
94673612
94686482
94691400
94695840
94699314
94699911
94706078
94712109
94724960
94727578
94734814
94738284
94755511
94759431
94763605
94771595
94772585
94778411
94781686
94782773
94790399
94798961
94806185
94807754
94811636
94828085
94837825
94853129
94861247
94867704
94867753
94870514
94877452
94911771
94928511
94949781
94955823
94958157
94972406
94981873
94982372
94995201
94996166
